

13
0
0 1 65535 65535 65535 1 1 65535 65535 65535 65535 65535 65535
1
65535 0 65535 65535 65535 65535 65535 65535 65535 65535 65535 65535 65535
2
1 65535 0 1 65535 65535 65535 65535 65535 65535 65535 65535 65535
3
65535 65535 65535 0 65535 1 65535 65535 65535 65535 65535 65535 65535
4
65535 65535 65535 65535 0 65535 65535 65535 65535 65535 65535 65535 65535
5
65535 65535 65535 65535 1 0 65535 65535 65535 65535 65535 65535 65535
6
65535 65535 65535 65535 1 65535 0 65535 65535 1 65535 65535 65535
7
65535 65535 65535 65535 65535 65535 1 0 65535 65535 65535 65535 65535
8
65535 65535 65535 65535 65535 65535 655355 1 0 65535 65535 65535 65535
9
65535 65535 65535 65535 65535 65535 65535 65535 65535 0 1 1 1
10
65535 65535 65535 65535 65535 65535 65535 65535 65535 65535 0 65535 65535
11
65535 65535 65535 65535 65535 65535 65535 65535 65535 65535 65535 0 1
12
65535 65535 65535 65535 65535 65535 65535 65535 65535 65535 65535 65535 0